# Fake very easy data for us to use!
# Sequence is AGAG
#
#  ----- Has the following format: -----
# Atom index (number between 0 and 7, corresponds to atom like Carbon, Nitrogen, Central Carbon, etc.)
# Relative x position (I call it u in the handout)
# Relative y position (I call it v in the handout)
# Relative z position (I call it w in the handout)
# Amino Acid index (number between 0 and 21, corresponds to amino acid like Alanine, Guanine, etc.)

# Input:
[[ 5.   , -0.966,  0.493,  1.5, 1.  ],
[ 1.   ,  0.257,  0.418,  0.692, 1.],
[ 1.   , -0.094,  0.017, -0.716, 1.],
[ 7.   , -1.056, -0.682, -0.923, 1.],
[ 0.   ,  1.204, -0.62 ,  1.296, 1.],
[ 7.   ,  0.661,  0.439, -1.742, 1.],
[ 3.   , -1.383, -0.425,  1.482, 1.],
[ 3.   , -0.676,  0.661,  2.452, 1.],
[ 3.   ,  0.746,  1.392,  0.682, 1.],
[ 2.   ,  1.459, -0.33 ,  2.316, 1.],
[ 2.   ,  0.715, -1.594,  1.307, 1.],
[ 2.   ,  2.113, -0.676,  0.697, 1.],
[ 3.   ,  0.435,  0.182, -2.647, 1.],

[ 5.,  1.931e+00,  9.000e-02, -3.400e-02, 0.],
[ 1.,  7.610e-01, -7.990e-01, -8.000e-03, 0.],
[ 1., -4.980e-01,  2.900e-02, -5.000e-03, 0.],
[ 7., -4.290e-01,  1.235e+00, -2.300e-02, 0.],
[ 7., -1.697e+00, -5.740e-01,  1.800e-02, 0.],
[ 3.,  1.910e+00,  7.380e-01,  7.380e-01, 0.],
[ 3.,  2.788e+00, -4.420e-01, -3.700e-02, 0.],
[ 3.,  7.720e-01, -1.440e+00, -8.890e-01, 0.],
[ 3.,  7.930e-01, -1.415e+00,  8.910e-01, 0.],
[ 3., -2.477e+00, -2.000e-03,  1.900e-02, 0.],

[ 5.   , -0.966,  0.493,  1.5, 1.  ],
[ 1.   ,  0.257,  0.418,  0.692, 1.],
[ 1.   , -0.094,  0.017, -0.716, 1.],
[ 7.   , -1.056, -0.682, -0.923, 1.],
[ 0.   ,  1.204, -0.62 ,  1.296, 1.],
[ 7.   ,  0.661,  0.439, -1.742, 1.],
[ 3.   , -1.383, -0.425,  1.482, 1.],
[ 3.   , -0.676,  0.661,  2.452, 1.],
[ 3.   ,  0.746,  1.392,  0.682, 1.],
[ 2.   ,  1.459, -0.33 ,  2.316, 1.],
[ 2.   ,  0.715, -1.594,  1.307, 1.],
[ 2.   ,  2.113, -0.676,  0.697, 1.],
[ 3.   ,  0.435,  0.182, -2.647, 1.],

[ 5.,  1.931e+00,  9.000e-02, -3.400e-02, 0.],
[ 1.,  7.610e-01, -7.990e-01, -8.000e-03, 0.],
[ 1., -4.980e-01,  2.900e-02, -5.000e-03, 0.],
[ 7., -4.290e-01,  1.235e+00, -2.300e-02, 0.],
[ 7., -1.697e+00, -5.740e-01,  1.800e-02, 0.],
[ 3.,  1.910e+00,  7.380e-01,  7.380e-01, 0.],
[ 3.,  2.788e+00, -4.420e-01, -3.700e-02, 0.],
[ 3.,  7.720e-01, -1.440e+00, -8.890e-01, 0.],
[ 3.,  7.930e-01, -1.415e+00,  8.910e-01, 0.],
[ 3., -2.477e+00, -2.000e-03,  1.900e-02, 0.]]



# Output
# Only change is that our final feature now means whether we know the position of the amino acid or not!
# 1 means we know, 0 means we do not know.
[[ 5.   , -0.956,  0.403,  1.52, 1.  ],
[ 1.   ,  0.297,  0.408,  0.694, 1.],
[ 1.   , -0.024,  0.007, -0.714, 1.],
[ 7.   , -1.036, -0.602, -0.924, 1.],
[ 0.   ,  1.234, -0.60 ,  1.294, 1.],
[ 7.   ,  0.631,  0.409, -1.744, 1.],
[ 3.   , -1.333, -0.405,  1.484, 1.],
[ 3.   , -0.636,  0.601,  2.454, 1.],
[ 3.   ,  0.736,  1.302,  0.684, 1.],
[ 2.   ,  1.439, -0.30 ,  2.314, 1.],
[ 2.   ,  0.735, -1.504,  1.304, 1.],
[ 2.   ,  2.133, -0.606,  0.694, 1.],
[ 3.   ,  0.485,  0.102, -2.644, 1.],

[ 5.,  1.031e+00,  9.500e-02, -3.400e-02, 1.],
[ 1.,  7.010e-01, -7.590e-01, -8.000e-03, 1.],
[ 1., -4.080e-01,  2.500e-02, -5.000e-03, 1.],
[ 7., -4.090e-01,  1.535e+00, -2.300e-02, 1.],
[ 7., -1.097e+00, -5.540e-01,  1.800e-02, 1.],
[ 3.,  1.010e+00,  7.580e-01,  7.380e-01, 1.],
[ 3.,  2.088e+00, -4.520e-01, -3.700e-02, 1.],
[ 3.,  7.020e-01, -1.540e+00, -8.890e-01, 1.],
[ 3.,  7.030e-01, -1.515e+00,  8.910e-01, 1.],
[ 3., -2.077e+00, -2.500e-03,  1.900e-02, 1.],

[ 5.   , -0.960,  0.453,  1.5, 1.  ],
[ 1.   ,  0.250,  0.458,  0.692, 1.],
[ 1.   , -0.090,  0.057, -0.716, 1.],
[ 7.   , -1.050, -0.652, -0.923, 1.],
[ 0.   ,  1.200, -0.65 ,  1.296, 1.],
[ 7.   ,  0.660,  0.459, -1.742, 1.],
[ 3.   , -1.380, -0.455,  1.482, 1.],
[ 3.   , -0.670,  0.651,  2.452, 1.],
[ 3.   ,  0.740,  1.352,  0.682, 1.],
[ 2.   ,  1.450, -0.35 ,  2.316, 1.],
[ 2.   ,  0.710, -1.554,  1.307, 1.],
[ 2.   ,  2.110, -0.656,  0.697, 1.],
[ 3.   ,  0.430,  0.152, -2.647, 1.],

[ 5.,  1.931e+00,  9.000e-02, -3.600e-02, 1.],
[ 1.,  7.610e-01, -7.990e-01, -8.600e-03, 1.],
[ 1., -4.980e-01,  2.900e-02, -5.600e-03, 1.],
[ 7., -4.290e-01,  1.235e+00, -2.600e-02, 1.],
[ 7., -1.697e+00, -5.740e-01,  1.600e-02, 1.],
[ 3.,  1.910e+00,  7.380e-01,  7.680e-01, 1.],
[ 3.,  2.788e+00, -4.420e-01, -3.600e-02, 1.],
[ 3.,  7.720e-01, -1.440e+00, -8.690e-01, 1.],
[ 3.,  7.930e-01, -1.415e+00,  8.610e-01, 1.],
[ 3., -2.477e+00, -2.000e-03,  1.600e-02, 1.]]