A
[ 5.   , -0.966,  0.493,  1.5, 1.  ],
[ 1.   ,  0.257,  0.418,  0.692, 1.],
[ 1.   , -0.094,  0.017, -0.716, 1.],
[ 7.   , -1.056, -0.682, -0.923, 1.],
[ 0.   ,  1.204, -0.62 ,  1.296, 1.],
[ 7.   ,  0.661,  0.439, -1.742, 1.],
[ 3.   , -1.383, -0.425,  1.482, 1.],
[ 3.   , -0.676,  0.661,  2.452, 1.],
[ 3.   ,  0.746,  1.392,  0.682, 1.],
[ 2.   ,  1.459, -0.33 ,  2.316, 1.],
[ 2.   ,  0.715, -1.594,  1.307, 1.],
[ 2.   ,  2.113, -0.676,  0.697, 1.],
[ 3.   ,  0.435,  0.182, -2.647, 1.],


G
[ 5.,  1.931e+00,  9.000e-02, -3.400e-02, 0.],
[ 1.,  7.610e-01, -7.990e-01, -8.000e-03, 0.],
[ 1., -4.980e-01,  2.900e-02, -5.000e-03, 0.],
[ 7., -4.290e-01,  1.235e+00, -2.300e-02, 0.],
[ 7., -1.697e+00, -5.740e-01,  1.800e-02, 0.],
[ 3.,  1.910e+00,  7.380e-01,  7.380e-01, 0.],
[ 3.,  2.788e+00, -4.420e-01, -3.700e-02, 0.],
[ 3.,  7.720e-01, -1.440e+00, -8.890e-01, 0.],
[ 3.,  7.930e-01, -1.415e+00,  8.910e-01, 0.],
[ 3., -2.477e+00, -2.000e-03,  1.900e-02, 0.],




'R': array([[ 5.000e+00, -4.690e-01,  1.110e+00, -9.930e-01],
       [ 1.000e+00,  4.000e-03,  2.294e+00, -1.708e+00],
       [ 1.000e+00, -9.070e-01,  2.521e+00, -2.901e+00],
       [ 7.000e+00, -1.827e+00,  1.789e+00, -3.242e+00],
       [ 0.000e+00,  1.475e+00,  2.150e+00, -2.127e+00],
       [ 0.000e+00,  1.745e+00,  1.017e+00, -3.130e+00],
       [ 0.000e+00,  3.210e+00,  9.540e-01, -3.557e+00],
       [ 4.000e+00,  4.071e+00,  7.260e-01, -2.421e+00],
       [ 0.000e+00,  5.469e+00,  6.240e-01, -2.528e+00],
       [ 4.000e+00,  6.259e+00,  4.040e-01, -1.405e+00],
       [ 4.000e+00,  6.078e+00,  7.440e-01, -3.773e+00],
       [ 7.000e+00, -5.880e-01,  3.659e+00, -3.574e+00],
       [ 3.000e+00, -5.800e-02,  9.030e-01, -1.090e-01],
       [ 3.000e+00, -1.024e+00,  4.520e-01, -1.494e+00],
       [ 3.000e+00, -1.030e-01,  3.152e+00, -1.034e+00],
       [ 2.000e+00,  2.086e+00,  1.988e+00, -1.230e+00],
       [ 2.000e+00,  1.814e+00,  3.099e+00, -2.563e+00],
       [ 2.000e+00,  1.136e+00,  1.170e+00, -4.029e+00],
       [ 2.000e+00,  1.447e+00,  5.400e-02, -2.698e+00],
       [ 2.000e+00,  3.348e+00,  1.330e-01, -4.269e+00],
       [ 2.000e+00,  3.505e+00,  1.880e+00, -4.062e+00],
       [ 2.000e+00,  3.674e+00,  6.270e-01, -1.479e+00],
       [ 2.000e+00,  7.271e+00,  3.310e-01, -1.484e+00],
       [ 2.000e+00,  5.858e+00,  3.070e-01, -4.760e-01],
       [ 2.000e+00,  5.530e+00,  9.060e-01, -4.614e+00],
       [ 2.000e+00,  7.088e+00,  6.750e-01, -3.874e+00],
       [ 3.000e+00, -1.149e+00,  3.855e+00, -4.355e+00]])


'N': array([[ 5.000e+00, -2.930e-01,  1.686e+00,  9.400e-02],
       [ 1.000e+00, -4.480e-01,  2.920e-01, -3.400e-01],
       [ 1.000e+00, -1.846e+00, -1.790e-01, -3.100e-02],
       [ 7.000e+00, -2.510e+00,  4.020e-01,  7.940e-01],
       [ 0.000e+00,  5.620e-01, -5.880e-01,  4.010e-01],
       [ 0.000e+00,  1.960e+00, -1.970e-01, -2.000e-03],
       [ 6.000e+00,  2.132e+00,  6.970e-01, -8.040e-01],
       [ 4.000e+00,  3.019e+00, -8.410e-01,  5.270e-01],
       [ 7.000e+00, -2.353e+00, -1.243e+00, -6.730e-01],
       [ 3.000e+00, -9.040e-01,  2.297e+00, -4.270e-01],
       [ 3.000e+00, -4.530e-01,  1.776e+00,  1.086e+00],
       [ 3.000e+00, -2.700e-01,  2.230e-01, -1.413e+00],
       [ 2.000e+00,  4.420e-01, -4.510e-01,  1.476e+00],
       [ 2.000e+00,  3.890e-01, -1.633e+00,  1.460e-01],
       [ 2.000e+00,  2.881e+00, -1.556e+00,  1.168e+00],
       [ 2.000e+00,  3.919e+00, -5.900e-01,  2.680e-01],
       [ 3.000e+00, -3.254e+00, -1.508e+00, -4.410e-01]])